256
2
3
1
5
7
6
9
4
3
6
7
8
5
4
3
2
7
6
5
4
8
9
8
6
7
5
4
6
3
4
5
6
7
5
4
3
2
4
5
6
8
7
6
5
4
3
2
1
4
3
2
5
6
7
5
4
8
7
3
5
7
6
9
7
4
5
6
3
2
1
6
5
4
3
7
8
6
5
4
9
7
8
6
5
3
4
6
7
5
4
3
4
8
7
6
5
6
7
5
44
47
465
3657
4745
4
4
664536
45
64
46
4
4
56
655
456
848
9657
6445
455
34
4354466
57
57575746
5
4545
46
65
56
68
8
8786
67
75
57
46
46
53
35
36
36
467
57
57
57
46
46
356
35
35
64
46
64
57
57
57
76
75
46
46
53
53
25
523
36
46
467
745
57
578
58
68
69
97
69
68
5857
47
46
36
35
35
36
15
2
42
53
36
46
477
755775
75
7575
75
7
64536
35
53523
532
52
356
46
7575
76
678
68
86
97
97
68
865
57
57
75
46
46
64
64
64
75
75
687
86
87
879
789
68
687
75
75
75
57
75
75
75
86
86
86
75
746
64
53
53
53
53
53
52
356
46
756
75
76
68
86
86
86